0.000000
0.000451
0.001805
0.007220
0.028875
0.115494
0.461957
1.847790
7.391123
29.564468
118.257856
473.031418
1892.125667
7568.502665
30274.010660
121096.042641
484384.170564
1937536.682255
7750146.729022
31000586.916087
124002347.664347
496009390.657388
1984037562.629552
7936150250.518208
31744601002.072830
126978404008.291321
507913616033.165283
2031654464132.661133
8126617856530.644531
32506471426122.578125
130025885704490.312500
520103542817961.250000
2080414171271845.000000
8321656685087380.000000
33286626740349520.000000
133146506961398080.000000
532586027845592320.000000
2130344111382369280.000000
8521376445529477120.000000
34085505782117908480.000000
136342023128471633920.000000
545368092513886535680.000000
2181472370055546142720.000000
8725889480222184570880.000000
34903557920888738283520.000000
139614231683554953134080.000000
558456926734219812536320.000000
2233827706936879250145280.000000
8935310827747517000581120.000000
35741243310990068002324480.000000
142964973243960272009297920.000000
571859892975841088037191680.000000
2287439571903364352148766720.000000
9149758287613457408595066880.000000
36599033150453829634380267520.000000
146396132601815318537521070080.000000
585584530407261274150084280320.000000
2342338121629045096600337121280.000000
9369352486516180386401348485120.000000
37477409946064721545605393940480.000000
149909639784258886182421575761920.000000
599638559137035544729686303047680.000000
2398554236548142178918745212190720.000000
9594216946192568715674980848762880.000000
38376867784770274862699923395051520.000000
153507471139081099450799693580206080.000000
614029884556324397803198774320824320.000000
2456119538225297591212795097283297280.000000
9824478152901190364851180389133189120.000000
39297912611604761459404721556532756480.000000
157191650446419045837618886226131025920.000000
628766601785676183350475544904524103680.000000
2515066407142704733401902179618096414720.000000
10060265628570818933607608718472385658880.000000
40241062514283275734430434873889542635520.000000
160964250057133102937721739495558170542080.000000
643857000228532411750886957982232682168320.000000
2575428000914129647003547831928930728673280.000000
10301712003656518588014191327715722914693120.000000
41206848014626074352056765310862891658772480.000000
164827392058504297408227061243451566635089920.000000
659309568234017189632908244973806266540359680.000000
2637238272936068758531632979895225066161438720.000000
10548953091744275034126531919580900264645754880.000000
42195812366977100136506127678323601058583019520.000000
168783249467908400546024510713294404234332078080.000000
675132997871633602184098042853177616937328312320.000000
2700531991486534408736392171412710467749313249280.000000
10802127965946137634945568685650841870997252997120.000000
43208511863784550539782274742603367483989011988480.000000
172834047455138202159129098970413469935956047953920.000000
691336189820552808636516395881653879743824191815680.000000
2765344759282211234546065583526615518975296767262720.000000
11061379037128844938184262334106462075901187069050880.000000
44245516148515379752737049336425848303604748276203520.000000
176982064594061519010948197345703393214418993104814080.000000
707928258376246076043792789382813572857675972419256320.000000
2831713033504984304175171157531254291430703889677025280.000000
11326852134019937216700684630125017165722815558708101120.000000
45307408536079748866802738520500068662891262234832404480.000000
181229634144318995467210954082000274651565048939329617920.000000
724918536577275981868843816328001098606260195757318471680.000000
2899674146309103927475375265312004394425040783029273886720.000000
11598696585236415709901501061248017577700163132117095546880.000000
46394786340945662839606004244992070310800652528468382187520.000000
185579145363782651358424016979968281243202610113873528750080.000000
742316581455130605433696067919873124972810440455494115000320.000000
2969266325820522421734784271679492499891241761821976460001280.000000
11877065303282089686939137086717969999564967047287905840005120.000000
47508261213128358747756548346871879998259868189151623360020480.000000
190033044852513434991026193387487519993039472756606493440081920.000000
760132179410053739964104773549950079972157891026425973760327680.000000
3040528717640214959856419094199800319888631564105703895041310720.000000
12162114870560859839425676376799201279554526256422815580165242880.000000
48648459482243439357702705507196805118218105025691262320660971520.000000
194593837928973757430810822028787220472872420102765049282643886080.000000
778375351715895029723243288115148881891489680411060197130575544320.000000
3113501406863580118892973152460595527565958721644240788522302177280.000000
12454005627454320475571892609842382110263834886576963154089208709120.000000
49816022509817281902287570439369528441055339546307852616356834836480.000000
199264090039269127609150281757478113764221358185231410465427339345920.000000
797056360157076510436601127029912455056885432740925641861709357383680.000000
3188225440628306041746404508119649820227541730963702567446837429534720.000000
12752901762513224166985618032478599280910166923854810269787349718138880.000000
51011607050052896667942472129914397123640667695419241079149398872555520.000000
204046428200211586671769888519657588494562670781676964316597595490222080.000000
816185712800846346687079554078630353978250683126707857266390381960888320.000000
3264742851203385386748318216314521415913002732506831429065561527843553280.000000
13058971404813541546993272865258085663652010930027325716262246111374213120.000000
52235885619254166187973091461032342654608043720109302865048984445496852480.000000
208943542477016664751892365844129370618432174880437211460195937781987409920.000000
835774169908066659007569463376517482473728699521748845840783751127949639680.000000
3343096679632266636030277853506069929894914798086995383363135004511798558720.000000
13372386718529066544121111414024279719579659192347981533452540018047194234880.000000
53489546874116266176484445656097118878318636769391926133810160072188776939520.000000
213958187496465064705937782624388475513274547077567704535240640288755107758080.000000
855832749985860258823751130497553902053098188310270818140962561155020431032320.000000
3423330999943441035295004521990215608212392753241083272563850244620081724129280.000000
13693323999773764141180018087960862432849571012964333090255400978480326896517120.000000
54773295999095056564720072351843449731398284051857332361021603913921307586068480.000000
219093183996380226258880289407373798925593136207429329444086415655685230344273920.000000
876372735985520905035521157629495195702372544829717317776345662622740921377095680.000000
3505490943942083620142084630517980782809490179318869271105382650490963685508382720.000000
14021963775768334480568338522071923131237960717275477084421530601963854742033530880.000000
56087855103073337922273354088287692524951842869101908337686122407855418968134123520.000000
224351420412293351689093416353150770099807371476407633350744489631421675872536494080.000000
897405681649173406756373665412603080399229485905630533402977958525686703490145976320.000000
3589622726596693627025494661650412321596917943622522133611911834102746813960583905280.000000
14358490906386774508101978646601649286387671774490088534447647336410987255842335621120.000000
57433963625547098032407914586406597145550687097960354137790589345643949023369342484480.000000
229735854502188392129631658345626388582202748391841416551162357382575796093477369937920.000000
918943418008753568518526633382505554328810993567365666204649429530303184373909479751680.000000
3675773672035014274074106533530022217315243974269462664818597718121212737495637919006720.000000
14703094688140057096296426134120088869260975897077850659274390872484850949982551676026880.000000
58812378752560228385185704536480355477043903588311402637097563489939403799930206704107520.000000
235249515010240913540742818145921421908175614353245610548390253959757615199720826816430080.000000
940998060040963654162971272583685687632702457412982442193561015839030460798883307265720320.000000
3763992240163854616651885090334742750530809829651929768774244063356121843195533229062881280.000000
15055968960655418466607540361338971002123239318607719075096976253424487372782132916251525120.000000
60223875842621673866430161445355884008492957274430876300387905013697949491128531665006100480.000000
240895503370486695465720645781423536033971829097723505201551620054791797964514126660024401920.000000
963582013481946781862882583125694144135887316390894020806206480219167191858056506640097607680.000000
3854328053927787127451530332502776576543549265563576083224825920876668767432226026560390430720.000000
15417312215711148509806121330011106306174197062254304332899303683506675069728904106241561722880.000000
61669248862844594039224485320044425224696788249017217331597214734026700278915616424966246891520.000000
246676995451378376156897941280177700898787152996068869326388858936106801115662465699864987566080.000000
986707981805513504627591765120710803595148611984275477305555435744427204462649862799459950264320.000000
3946831927222054018510367060482843214380594447937101909222221742977708817850599451197839801057280.000000
15787327708888216074041468241931372857522377791748407636888886971910835271402397804791359204229120.000000
63149310835552864296165872967725491430089511166993630547555547887643341085609591219165436816916480.000000
252597243342211457184663491870901965720358044667974522190222191550573364342438364876661747267665920.000000
1010388973368845828738653967483607862881432178671898088760888766202293457369753459506646989070663680.000000
4041555893475383314954615869934431451525728714687592355043555064809173829479013838026587956282654720.000000
16166223573901533259818463479737725806102914858750369420174220259236695317916055352106351825130618880.000000
64664894295606133039273853918950903224411659435001477680696881036946781271664221408425407300522475520.000000
258659577182424532157095415675803612897646637740005910722787524147787125086656885633701629202089902080.000000
1034638308729698128628381662703214451590586550960023642891150096591148500346627542534806516808359608320.000000
4138553234918792514513526650812857806362346203840094571564600386364594001386510170139226067233438433280.000000
16554212939675170058054106603251431225449384815360378286258401545458376005546040680556904268933753733120.000000
66216851758700680232216426413005724901797539261441513145033606181833504022184162722227617075735014932480.000000
264867407034802720928865705652022899607190157045766052580134424727334016088736650888910468302940059729920.000000
1059469628139210883715462822608091598428760628183064210320537698909336064354946603555641873211760238919680.000000
4237878512556843534861851290432366393715042512732256841282150795637344257419786414222567492847040955678720.000000
16951514050227374139447405161729465574860170050929027365128603182549377029679145656890269971388163822714880.000000
67806056200909496557789620646917862299440680203716109460514412730197508118716582627561079885552655290859520.000000
271224224803637986231158482587671449197762720814864437842057650920790032474866330510244319542210621163438080.000000
1084896899214551944924633930350685796791050883259457751368230603683160129899465322040977278168842484653752320.000000
4339587596858207779698535721402743187164203533037831005472922414732640519597861288163909112675369938615009280.000000
17358350387432831118794142885610972748656814132151324021891689658930562078391445152655636450701479754460037120.000000
69433401549731324475176571542443890994627256528605296087566758635722248313565780610622545802805919017840148480.000000
277733606198925297900706286169775563978509026114421184350267034542888993254263122442490183211223676071360593920.000000
1110934424795701191602825144679102255914036104457684737401068138171555973017052489769960732844894704285442375680.000000
4443737699182804766411300578716409023656144417830738949604272552686223892068209959079842931379578817141769502720.000000
17774950796731219065645202314865636094624577671322955798417090210744895568272839836319371725518315268567078010880.000000
71099803186924876262580809259462544378498310685291823193668360842979582273091359345277486902073261074268312043520.000000
284399212747699505050323237037850177513993242741167292774673443371918329092365437381109947608293044297073248174080.000000
1137596850990798020201292948151400710055972970964669171098693773487673316369461749524439790433172177188292992696320.000000
4550387403963192080805171792605602840223891883858676684394775093950693265477846998097759161732688708753171970785280.000000
18201549615852768323220687170422411360895567535434706737579100375802773061911387992391036646930754835012687883141120.000000
72806198463411073292882748681689645443582270141738826950316401503211092247645551969564146587723019340050751532564480.000000
291224793853644293171530994726758581774329080566955307801265606012844368990582207878256586350892077360203006130257920.000000
1164899175414577172686123978907034327097316322267821231205062424051377475962328831513026345403568309440812024521031680.000000
4659596701658308690744495915628137308389265289071284924820249696205509903849315326052105381614273237763248098084126720.000000
18638386806633234762977983662512549233557061156285139699280998784822039615397261304208421526457092951052992392336506880.000000
74553547226532939051911934650050196934228244625140558797123995139288158461589045216833686105828371804211969569346027520.000000
298214188906131756207647738600200787736912978500562235188495980557152633846356180867334744423313487216847878277384110080.000000
1192856755624527024830590954400803150947651914002248940753983922228610535385424723469338977693253948867391513109536440320.000000
4771427022498108099322363817603212603790607656008995763015935688914442141541698893877355910773015795469566052438145761280.000000
19085708089992432397289455270412850415162430624035983052063742755657768566166795575509423643092063181878264209752583045120.000000
76342832359969729589157821081651401660649722496143932208254971022631074264667182302037694572368252727513056839010332180480.000000
305371329439878918356631284326605606642598889984575728833019884090524297058668729208150778289473010910052227356041328721920.000000
1221485317759515673426525137306422426570395559938302915332079536362097188234674916832603113157892043640208909424165314887680.000000
4885941271038062693706100549225689706281582239753211661328318145448388752938699667330412452631568174560835637696661259550720.000000
19543765084152250774824402196902758825126328959012846645313272581793555011754798669321649810526272698243342550786645038202880.000000
78175060336609003099297608787611035300505315836051386581253090327174220047019194677286599242105090792973370203146580152811520.000000
312700241346436012397190435150444141202021263344205546325012361308696880188076778709146396968420363171893480812586320611246080.000000
1250800965385744049588761740601776564808085053376822185300049445234787520752307114836585587873681452687573923250345282444984320.000000
5003203861542976198355046962407106259232340213507288741200197780939150083009228459346342351494725810750295693001381129779937280.000000
20012815446171904793420187849628425036929360854029154964800791123756600332036913837385369405978903243001182772005524519119749120.000000
80051261784687619173680751398513700147717443416116619859203164495026401328147655349541477623915612972004731088022098076478996480.000000
320205047138750476694723005594054800590869773664466479436812657980105605312590621398165910495662451888018924352088392305915985920.000000
1280820188555001906778892022376219202363479094657865917747250631920422421250362485592663641982649807552075697408353569223663943680.000000
5123280754220007627115568089504876809453916378631463670989002527681689685001449942370654567930599230208302789633414276894655774720.000000
20493123016880030508462272358019507237815665514525854683956010110726758740005799769482618271722396920833211158533657107578623098880.000000
81972492067520122033849089432078028951262662058103418735824040442907034960023199077930473086889587683332844634134628430314492395520.000000
327889968270080488135396357728312115805050648232413674943296161771628139840092796311721892347558350733331378536538513721257969582080.000000
1311559873080321952541585430913248463220202592929654699773184647086512559360371185246887569390233402933325514146154054885031878328320.000000
5246239492321287810166341723652993852880810371718618799092738588346050237441484740987550277560933611733302056584616219540127513313280.000000
20984957969285151240665366894611975411523241486874475196370954353384200949765938963950201110243734446933208226338464878160510053253120.000000
83939831877140604962661467578447901646092965947497900785483817413536803799063755855800804440974937787732832905353859512642040213012480.000000
335759327508562419850645870313791606584371863789991603141935269654147215196255023423203217763899751150931331621415438050568160852049920.000000
1343037310034249679402583481255166426337487455159966412567741078616588860785020093692812871055599004603725326485661752202272643408199680.000000
5372149240136998717610333925020665705349949820639865650270964314466355443140080374771251484222396018414901305942647008809090573632798720.000000
21488596960547994870441335700082662821399799282559462601083857257865421772560321499085005936889584073659605223770588035236362294531194880.000000
85954387842191979481765342800330651285599197130237850404335429031461687090241285996340023747558336294638420895082352140945449178124779520.000000
343817551368767917927061371201322605142396788520951401617341716125846748360965143985360094990233345178553683580329408563781796712499118080.000000
1375270205475071671708245484805290420569587154083805606469366864503386993443860575941440379960933380714214734321317634255127186849996472320.000000
5501080821900286686832981939221161682278348616335222425877467458013547973775442303765761519843733522856858937285270537020508747399985889280.000000
22004323287601146747331927756884646729113394465340889703509869832054191895101769215063046079374934091427435749141082148082034989599943557120.000000
88017293150404586989327711027538586916453577861363558814039479328216767580407076860252184317499736365709742996564328592328139958399774228480.000000
352069172601618347957310844110154347665814311445454235256157917312867070321628307441008737269998945462838971986257314369312559833599096913920.000000
1408276690406473391829243376440617390663257245781816941024631669251468281286513229764034949079995781851355887945029257477250239334396387655680.000000
5633106761625893567316973505762469562653028983127267764098526677005873125146052919056139796319983127405423551780117029909000957337585550622720.000000
22532427046503574269267894023049878250612115932509071056394106708023492500584211676224559185279932509621694207120468119636003829350342202490880.000000
90129708186014297077071576092199513002448463730036284225576426832093970002336846704898236741119730038486776828481872478544015317401368809963520.000000
360518832744057188308286304368798052009793854920145136902305707328375880009347386819592946964478920153947107313927489914176061269605475239854080.000000
1442075330976228753233145217475192208039175419680580547609222829313503520037389547278371787857915680615788429255709959656704245078421900959416320.000000
5768301323904915012932580869900768832156701678722322190436891317254014080149558189113487151431662722463153717022839838626816980313687603837665280.000000
23073205295619660051730323479603075328626806714889288761747565269016056320598232756453948605726650889852614868091359354507267921254750415350661120.000000
92292821182478640206921293918412301314507226859557155046990261076064225282392931025815794422906603559410459472365437418029071685019001661402644480.000000
369171284729914560827685175673649205258028907438228620187961044304256901129571724103263177691626414237641837889461749672116286740076006645610577920.000000
1476685138919658243310740702694596821032115629752914480751844177217027604518286896413052710766505656950567351557846998688465146960304026582442311680.000000
5906740555678632973242962810778387284128462519011657923007376708868110418073147585652210843066022627802269406231387994753860587841216106329769246720.000000
23626962222714531892971851243113549136513850076046631692029506835472441672292590342608843372264090511209077624925551979015442351364864425319076986880.000000
94507848890858127571887404972454196546055400304186526768118027341889766689170361370435373489056362044836310499702207916061769405459457701276307947520.000000
378031395563432510287549619889816786184221601216746107072472109367559066756681445481741493956225448179345241998808831664247077621837830805105231790080.000000
1512125582253730041150198479559267144736886404866984428289888437470236267026725781926965975824901792717380967995235326656988310487351323220420927160320.000000
6048502329014920164600793918237068578947545619467937713159553749880945068106903127707863903299607170869523871980941306627953241949405292881683708641280.000000
24194009316059680658403175672948274315790182477871750852638214999523780272427612510831455613198428683478095487923765226511812967797621171526734834565120.000000
96776037264238722633612702691793097263160729911487003410552859998095121089710450043325822452793714733912381951695060906047251871190484686106939338260480.000000
387104149056954890534450810767172389052642919645948013642211439992380484358841800173303289811174858935649527806780243624189007484761938744427757353041920.000000
1548416596227819562137803243068689556210571678583792054568845759969521937435367200693213159244699435742598111227120974496756029939047754977711029412167680.000000
6193666384911278248551212972274758224842286714335168218275383039878087749741468802772852636978797742970392444908483897987024119756191019910844117648670720.000000
24774665539645112994204851889099032899369146857340672873101532159512350998965875211091410547915190971881569779633935591948096479024764079643376470594682880.000000
99098662158580451976819407556396131597476587429362691492406128638049403995863500844365642191660763887526279118535742367792385916099056318573505882378731520.000000
396394648634321807907277630225584526389906349717450765969624514552197615983454003377462568766643055550105116474142969471169543664396225274294023529514926080.000000
1585578594537287231629110520902338105559625398869803063878498058208790463933816013509850275066572222200420465896571877884678174657584901097176094118059704320.000000
6342314378149148926516442083609352422238501595479212255513992232835161855735264054039401100266288888801681863586287511538712698630339604388704376472238817280.000000
25369257512596595706065768334437409688954006381916849022055968931340647422941056216157604401065155555206727454345150046154850794521358417554817505888955269120.000000
101477030050386382824263073337749638755816025527667396088223875725362589691764224864630417604260622220826909817380600184619403178085433670219270023555821076480.000000
405908120201545531297052293350998555023264102110669584352895502901450358767056899458521670417042488883307639269522400738477612712341734680877080094223284305920.000000
1623632480806182125188209173403994220093056408442678337411582011605801435068227597834086681668169955533230557078089602953910450849366938723508320376893137223680.000000
6494529923224728500752836693615976880372225633770713349646328046423205740272910391336346726672679822132922228312358411815641803397467754894033281507572548894720.000000
25978119692898914003011346774463907521488902535082853398585312185692822961091641565345386906690719288531688913249433647262567213589871019576133126030290195578880.000000
103912478771595656012045387097855630085955610140331413594341248742771291844366566261381547626762877154126755652997734589050268854359484078304532504121160782315520.000000
415649915086382624048181548391422520343822440561325654377364994971085167377466265045526190507051508616507022611990938356201075417437936313218130016484643129262080.000000
1662599660345530496192726193565690081375289762245302617509459979884340669509865060182104762028206034466028090447963753424804301669751745252872520065938572517048320.000000
6650398641382121984770904774262760325501159048981210470037839919537362678039460240728419048112824137864112361791855013699217206679006981011490080263754290068193280.000000
26601594565528487939083619097051041302004636195924841880151359678149450712157840962913676192451296551456449447167420054796868826716027924045960321055017160272773120.000000
106406378262113951756334476388204165208018544783699367520605438712597802848631363851654704769805186205825797788669680219187475306864111696183841284220068641091092480.000000
425625513048455807025337905552816660832074179134797470082421754850391211394525455406618819079220744823303191154678720876749901227456446784735365136880274564364369920.000000
1702502052193823228101351622211266643328296716539189880329687019401564845578101821626475276316882979293212764618714883506999604909825787138941460547521098257457479680.000000
6810008208775292912405406488845066573313186866156759521318748077606259382312407286505901105267531917172851058474859534027998419639303148555765842190084393029829918720.000000
27240032835101171649621625955380266293252747464627038085274992310425037529249629146023604421070127668691404233899438136111993678557212594223063368760337572119319674880.000000
108960131340404686598486503821521065173010989858508152341099969241700150116998516584094417684280510674765616935597752544447974714228850376892253475041350288477278699520.000000
435840525361618746393946015286084260692043959434032609364399876966800600467994066336377670737122042699062467742391010177791898856915401507569013900165401153909114798080.000000
1743362101446474985575784061144337042768175837736130437457599507867202401871976265345510682948488170796249870969564040711167595427661606030276055600661604615636459192320.000000
6973448405785899942303136244577348171072703350944521749830398031468809607487905061382042731793952683184999483878256162844670381710646424121104222402646418462545836769280.000000
27893793623143599769212544978309392684290813403778086999321592125875238429951620245528170927175810732739997935513024651378681526842585696484416889610585673850183347077120.000000
111575174492574399076850179913237570737163253615112347997286368503500953719806480982112683708703242930959991742052098605514726107370342785937667558442342695400733388308480.000000
446300697970297596307400719652950282948653014460449391989145474014003814879225923928450734834812971723839966968208394422058904429481371143750670233769370781602933553233920.000000
1785202791881190385229602878611801131794612057841797567956581896056015259516903695713802939339251886895359867872833577688235617717925484575002680935077483126411734212935680.000000
7140811167524761540918411514447204527178448231367190271826327584224061038067614782855211757357007547581439471491334310752942470871701938300010723740309932505646936851742720.000000
28563244670099046163673646057788818108713792925468761087305310336896244152270459131420847029428030190325757885965337243011769883486807753200042894961239730022587747406970880.000000
114252978680396184654694584231155272434855171701875044349221241347584976609081836525683388117712120761303031543861348972047079533947231012800171579844958920090350989627883520.000000
457011914721584738618778336924621089739420686807500177396884965390339906436327346102733552470848483045212126175445395888188318135788924051200686319379835680361403958511534080.000000
1828047658886338954475113347698484358957682747230000709587539861561359625745309384410934209883393932180848504701781583552753272543155696204802745277519342721445615834046136320.000000
7312190635545355817900453390793937435830730988920002838350159446245438502981237537643736839533575728723394018807126334211013090172622784819210981110077370885782463336184545280.000000
29248762542181423271601813563175749743322923955680011353400637784981754011924950150574947358134302914893576075228505336844052360690491139276843924440309483543129853344738181120.000000
116995050168725693086407254252702998973291695822720045413602551139927016047699800602299789432537211659574304300914021347376209442761964557107375697761237934172519413378952724480.000000
467980200674902772345629017010811995893166783290880181654410204559708064190799202409199157730148846638297217203656085389504837771047858228429502791044951736690077653515810897920.000000
1871920802699611089382516068043247983572667133163520726617640818238832256763196809636796630920595386553188868814624341558019351084191432913718011164179806946760310614063243591680.000000
7487683210798444357530064272172991934290668532654082906470563272955329027052787238547186523682381546212755475258497366232077404336765731654872044656719227787041242456252974366720.000000
29950732843193777430120257088691967737162674130616331625882253091821316108211148954188746094729526184851021901033989464928309617347062926619488178626876911148164969825011897466880.000000
119802931372775109720481028354767870948650696522465326503529012367285264432844595816754984378918104739404087604135957859713238469388251706477952714507507644592659879300047589867520.000000
479211725491100438881924113419071483794602786089861306014116049469141057731378383267019937515672418957616350416543831438852953877553006825911810858030030578370639517200190359470080.000000
1916846901964401755527696453676285935178411144359445224056464197876564230925513533068079750062689675830465401666175325755411815510212027303647243432120122313482558068800761437880320.000000
7667387607857607022110785814705143740713644577437780896225856791506256923702054132272319000250758703321861606664701303021647262040848109214588973728480489253930232275203045751521280.000000
30669550431430428088443143258820574962854578309751123584903427166025027694808216529089276001003034813287446426658805212086589048163392436858355894913921957015720929100812183006085120.000000
122678201725721712353772573035282299851418313239004494339613708664100110779232866116357104004012139253149785706635220848346356192653569747433423579655687828062883716403248732024340480.000000
490712806902886849415090292141129199405673252956017977358454834656400443116931464465428416016048557012599142826540883393385424770614278989733694318622751312251534865612994928097361920.000000
1962851227611547397660361168564516797622693011824071909433819338625601772467725857861713664064194228050396571306163533573541699082457115958934777274491005249006139462451979712389447680.000000
7851404910446189590641444674258067190490772047296287637735277354502407089870903431446854656256776912201586285224654134294166796329828463835739109097964020996024557849807918849557790720.000000
31405619641784758362565778697032268761963088189185150550941109418009628359483613725787418625027107648806345140898616537176667185319313855342956436391856083984098231399231675398231162880.000000
125622478567139033450263114788129075047852352756740602203764437672038513437934454903149674500108430595225380563594466148706668741277255421371825745567424335936392925596926701592924651520.000000
502489914268556133801052459152516300191409411026962408815057750688154053751737819612598698000433722380901522254377864594826674965109021685487302982269697343745571702387706806371698606080.000000
2009959657074224535204209836610065200765637644107849635260231002752616215006951278450394792001734889523606089017511458379306699860436086741949211929078789374982286809550827225486794424320.000000
8039838628296898140816839346440260803062550576431398541040924011010464860027805113801579168006939558094424356070045833517226799441744346967796847716315157499929147238203308901947177697280.000000
32159354513187592563267357385761043212250202305725594164163696044041859440111220455206316672027758232377697424280183334068907197766977387871187390865260629999716588952813235607788710789120.000000
128637418052750370253069429543044172849000809222902376656654784176167437760444881820825266688111032929510789697120733336275628791067909551484749563461042519998866355811252942431154843156480.000000
514549672211001481012277718172176691396003236891609506626619136704669751041779527283301066752444131718043158788482933345102515164271638205938998253844170079995465423245011769724619372625920.000000
2058198688844005924049110872688706765584012947566438026506476546818679004167118109133204267009776526872172635153931733380410060657086552823755993015376680319981861692980047078898477490503680.000000
8232794755376023696196443490754827062336051790265752106025906187274716016668472436532817068039106107488690540615726933521640242628346211295023972061506721279927446771920188315593909962014720.000000
32931179021504094784785773963019308249344207161063008424103624749098864066673889746131268272156424429954762162462907734086560970513384845180095888246026885119709787087680753262375639848058880.000000
131724716086016379139143095852077232997376828644252033696414498996395456266695558984525073088625697719819048649851630936346243882053539380720383552984107540478839148350723013049502559392235520.000000
526898864344065516556572383408308931989507314577008134785657995985581825066782235938100292354502790879276194599406523745384975528214157522881534211936430161915356593402892052198010237568942080.000000
2107595457376262066226289533633235727958029258308032539142631983942327300267128943752401169418011163517104778397626094981539902112856630091526136847745720647661426373611568208792040950275768320.000000
8430381829505048264905158134532942911832117033232130156570527935769309201068515775009604677672044654068419113590504379926159608451426520366104547390982882590645705494446272835168163801103073280.000000
33721527318020193059620632538131771647328468132928520626282111743077236804274063100038418710688178616273676454362017519704638433805706081464418189563931530362582821977785091340672655204412293120.000000
134886109272080772238482530152527086589313872531714082505128446972308947217096252400153674842752714465094705817448070078818553735222824325857672758255726121450331287911140365362690620817649172480.000000
539544437088323088953930120610108346357255490126856330020513787889235788868385009600614699371010857860378823269792280315274214940891297303430691033022904485801325151644561461450762483270596689920.000000
2158177748353292355815720482440433385429021960507425320082055151556943155473540038402458797484043431441515293079169121261096859763565189213722764132091617943205300606578245845803049933082386759680.000000
8632710993413169423262881929761733541716087842029701280328220606227772621894160153609835189936173725766061172316676485044387439054260756854891056528366471772821202426312983383212199732329547038720.000000
34530843973652677693051527719046934166864351368118805121312882424911090487576640614439340759744694903064244689266705940177549756217043027419564226113465887091284809705251933532848798929318188154880.000000
138123375894610710772206110876187736667457405472475220485251529699644361950306562457757363038978779612256978757066823760710199024868172109678256904453863548365139238821007734131395195717272752619520.000000
552493503578442843088824443504750946669829621889900881941006118798577447801226249831029452155915118449027915028267295042840796099472688438713027617815454193460556955284030936525580782869091010478080.000000
2209974014313771372355297774019003786679318487559603527764024475194309791204904999324117808623660473796111660113069180171363184397890753754852110471261816773842227821136123746102323131476364041912320.000000
8839896057255085489421191096076015146717273950238414111056097900777239164819619997296471234494641895184446640452276720685452737591563015019408441885047267095368911284544494984409292525905456167649280.000000
35359584229020341957684764384304060586869095800953656444224391603108956659278479989185884937978567580737786561809106882741810950366252060077633767540189068381475645138177979937637170103621824670597120.000000
141438336916081367830739057537216242347476383203814625776897566412435826637113919956743539751914270322951146247236427530967243801465008240310535070160756273525902580552711919750548680414487298682388480.000000
565753347664325471322956230148864969389905532815258503107590265649743306548455679826974159007657081291804584988945710123868975205860032961242140280643025094103610322210847679002194721657949194729553920.000000
2263013390657301885291824920595459877559622131261034012430361062598973226193822719307896636030628325167218339955782840495475900823440131844968561122572100376414441288843390716008778886631796778918215680.000000
9052053562629207541167299682381839510238488525044136049721444250395892904775290877231586544122513300668873359823131361981903603293760527379874244490288401505657765155373562864035115546527187115672862720.000000
36208214250516830164669198729527358040953954100176544198885777001583571619101163508926346176490053202675493439292525447927614413175042109519496977961153606022631060621494251456140462186108748462691450880.000000
144832857002067320658676794918109432163815816400706176795543108006334286476404654035705384705960212810701973757170101791710457652700168438077987911844614424090524242485977005824561848744434993850765803520.000000
579331428008269282634707179672437728655263265602824707182172432025337145905618616142821538823840851242807895028680407166841830610800673752311951647378457696362096969943908023298247394977739975403063214080.000000
2317325712033077130538828718689750914621053062411298828728689728101348583622474464571286155295363404971231580114721628667367322443202695009247806589513830785448387879775632093192989579910959901612252856320.000000
9269302848132308522155314874759003658484212249645195314914758912405394334489897858285144621181453619884926320458886514669469289772810780036991226358055323141793551519102528372771958319643839606449011425280.000000
37077211392529234088621259499036014633936848998580781259659035649621577337959591433140578484725814479539705281835546058677877159091243120147964905432221292567174206076410113491087833278575358425796045701120.000000
148308845570116936354485037996144058535747395994323125038636142598486309351838365732562313938903257918158821127342184234711508636364972480591859621728885170268696824305640453964351333114301433703184182804480.000000
593235382280467745417940151984576234142989583977292500154544570393945237407353462930249255755613031672635284509368736938846034545459889922367438486915540681074787297222561815857405332457205734812736731217920.000000
2372941529121870981671760607938304936571958335909170000618178281575780949629413851720997023022452126690541138037474947755384138181839559689469753947662162724299149188890247263429621329828822939250946924871680.000000
9491766116487483926687042431753219746287833343636680002472713126303123798517655406883988092089808506762164552149899791021536552727358238757879015790648650897196596755560989053718485319315291757003787699486720.000000
37967064465949935706748169727012878985151333374546720009890852505212495194070621627535952368359234027048658208599599164086146210909432955031516063162594603588786387022243956214873941277261167028015150797946880.000000
151868257863799742826992678908051515940605333498186880039563410020849980776282486510143809473436936108194632834398396656344584843637731820126064252650378414355145548088975824859495765109044668112060603191787520.000000
607473031455198971307970715632206063762421333992747520158253640083399923105129946040575237893747744432778531337593586625378339374550927280504257010601513657420582192355903299437983060436178672448242412767150080.000000
2429892125820795885231882862528824255049685335970990080633014560333599692420519784162300951574990977731114125350374346501513357498203709122017028042406054629682328769423613197751932241744714689792969651068600320.000000
9719568503283183540927531450115297020198741343883960322532058241334398769682079136649203806299963910924456501401497386006053429992814836488068112169624218518729315077694452791007728966978858759171878604274401280.000000
38878274013132734163710125800461188080794965375535841290128232965337595078728316546596815225199855643697826005605989544024213719971259345952272448678496874074917260310777811164030915867915435036687514417097605120.000000
155513096052530936654840503201844752323179861502143365160512931861350380314913266186387260900799422574791304022423958176096854879885037383809089794713987496299669041243111244656123663471661740146750057668390420480.000000
622052384210123746619362012807379009292719446008573460642051727445401521259653064745549043603197690299165216089695832704387419519540149535236359178855949985198676164972444978624494653886646960587000230673561681920.000000
2488209536840494986477448051229516037170877784034293842568206909781606085038612258982196174412790761196660864358783330817549678078160598140945436715423799940794704659889779914497978615546587842348000922694246727680.000000
9952838147361979945909792204918064148683511136137175370272827639126424340154449035928784697651163044786643457435133323270198712312642392563781746861695199763178818639559119657991914462186351369392003690776986910720.000000
39811352589447919783639168819672256594734044544548701481091310556505697360617796143715138790604652179146573829740533293080794849250569570255126987446780799052715274558236478631967657848745405477568014763107947642880.000000
159245410357791679134556675278689026378936178178194805924365242226022789442471184574860555162418608716586295318962133172323179397002278281020507949787123196210861098232945914527870631394981621910272059052431790571520.000000
636981641431166716538226701114756105515744712712779223697460968904091157769884738299442220649674434866345181275848532689292717588009113124082031799148492784843444392931783658111482525579926487641088236209727162286080.000000
2547926565724666866152906804459024422062978850851116894789843875616364631079538953197768882598697739465380725103394130757170870352036452496328127196593971139373777571727134632445930102319705950564352944838908649144320.000000
10191706262898667464611627217836097688251915403404467579159375502465458524318155812791075530394790957861522900413576523028683481408145809985312508786375884557495110286908538529783720409278823802257411779355634596577280.000000
40766825051594669858446508871344390753007661613617870316637502009861834097272623251164302121579163831446091601654306092114733925632583239941250035145503538229980441147634154119134881637115295209029647117422538386309120.000000
163067300206378679433786035485377563012030646454471481266550008039447336389090493004657208486316655325784366406617224368458935702530332959765000140582014152919921764590536616476539526548461180836118588469690153545236480.000000
652269200825514717735144141941510252048122585817885925066200032157789345556361972018628833945266621303137465626468897473835742810121331839060000562328056611679687058362146465906158106193844723344474353878760614180945920.000000
2609076803302058870940576567766041008192490343271543700264800128631157382225447888074515335781066485212549862505875589895342971240485327356240002249312226446718748233448585863624632424775378893377897415515042456723783680.000000
10436307213208235483762306271064164032769961373086174801059200514524629528901791552298061343124265940850199450023502359581371884961941309424960008997248905786874992933794343454498529699101515573511589662060169826895134720.000000
41745228852832941935049225084256656131079845492344699204236802058098518115607166209192245372497063763400797800094009438325487539847765237699840035988995623147499971735177373817994118796406062294046358648240679307580538880.000000
166980915411331767740196900337026624524319381969378796816947208232394072462428664836768981489988255053603191200376037753301950159391060950799360143955982492589999886940709495271976475185624249176185434592962717230322155520.000000
667923661645327070960787601348106498097277527877515187267788832929576289849714659347075925959953020214412764801504151013207800637564243803197440575823929970359999547762837981087905900742496996704741738371850868921288622080.000000
2671694646581308283843150405392425992389110111510060749071155331718305159398858637388303703839812080857651059206016604052831202550256975212789762303295719881439998191051351924351623602969987986818966953487403475685154488320.000000
10686778586325233135372601621569703969556440446040242996284621326873220637595434549553214815359248323430604236824066416211324810201027900851159049213182879525759992764205407697406494411879951947275867813949613902740617953280.000000
42747114345300932541490406486278815878225761784160971985138485307492882550381738198212859261436993293722416947296265664845299240804111603404636196852731518103039971056821630789625977647519807789103471255798455610962471813120.000000
170988457381203730165961625945115263512903047136643887940553941229971530201526952792851437045747973174889667789185062659381196963216446413618544787410926072412159884227286523158503910590079231156413885023193822443849887252480.000000
683953829524814920663846503780461054051612188546575551762215764919886120806107811171405748182991892699558671156740250637524787852865785654474179149643704289648639536909146092634015642360316924625655540092775289775399549009920.000000
2735815318099259682655386015121844216206448754186302207048863059679544483224431244685622992731967570798234684626961002550099151411463142617896716598574817158594558147636584370536062569441267698502622160371101159101598196039680.000000
10943261272397038730621544060487376864825795016745208828195452238718177932897724978742491970927870283192938738507844010200396605645852570471586866394299268634378232590546337482144250277765070794010488641484404636406392784158720.000000
43773045089588154922486176241949507459303180066980835312781808954872711731590899914969967883711481132771754954031376040801586422583410281886347465577197074537512930362185349928577001111060283176041954565937618545625571136634880.000000
175092180358352619689944704967798029837212720267923341251127235819490846926363599659879871534845924531087019816125504163206345690333641127545389862308788298150051721448741399714308004444241132704167818263750474182502284546539520.000000
700368721433410478759778819871192119348850881071693365004508943277963387705454398639519486139383698124348079264502016652825382761334564510181559449235153192600206885794965598857232017776964530816671273055001896730009138186158080.000000
2801474885733641915039115279484768477395403524286773460018035773111853550821817594558077944557534792497392317058008066611301531045338258040726237796940612770400827543179862395428928071107858123266685092220007586920036552744632320.000000
11205899542934567660156461117939073909581614097147093840072143092447414203287270378232311778230139169989569268232032266445206124181353032162904951187762451081603310172719449581715712284431432493066740368880030347680146210978529280.000000
44823598171738270640625844471756295638326456388588375360288572369789656813149081512929247112920556679958277072928129065780824496725412128651619804751049804326413240690877798326862849137725729972266961475520121390720584843914117120.000000
179294392686953082562503377887025182553305825554353501441154289479158627252596326051716988451682226719833108291712516263123297986901648514606479219004199217305652962763511193307451396550902919889067845902080485562882339375656468480.000000
717177570747812330250013511548100730213223302217414005764617157916634509010385304206867953806728906879332433166850065052493191947606594058425916876016796869222611851054044773229805586203611679556271383608321942251529357502625873920.000000
2868710282991249321000054046192402920852893208869656023058468631666538036041541216827471815226915627517329732667400260209972767790426376233703667504067187476890447404216179092919222344814446718225085534433287769006117430010503495680.000000
11474841131964997284000216184769611683411572835478624092233874526666152144166164867309887260907662510069318930669601040839891071161705504934814670016268749907561789616864716371676889379257786872900342137733151076024469720042013982720.000000
45899364527859989136000864739078446733646291341914496368935498106664608576664659469239549043630650040277275722678404163359564284646822019739258680065074999630247158467458865486707557517031147491601368550932604304097878880168055930880.000000
183597458111439956544003458956313786934585165367657985475741992426658434306658637876958196174522600161109102890713616653438257138587288078957034720260299998520988633869835461946830230068124589966405474203730417216391515520672223723520.000000
734389832445759826176013835825255147738340661470631941902967969706633737226634551507832784698090400644436411562854466613753028554349152315828138881041199994083954535479341847787320920272498359865621896814921668865566062082688894894080.000000
2937559329783039304704055343301020590953362645882527767611871878826534948906538206031331138792361602577745646251417866455012114217396609263312555524164799976335818141917367391149283681089993439462487587259686675462264248330755579576320.000000
11750237319132157218816221373204082363813450583530111070447487515306139795626152824125324555169446410310982585005671465820048456869586437053250222096659199905343272567669469564597134724359973757849950349038746701849056993323022318305280.000000
47000949276528628875264885492816329455253802334120444281789950061224559182504611296501298220677785641243930340022685863280193827478345748213000888386636799621373090270677878258388538897439895031399801396154986807396227973292089273221120.000000
188003797106114515501059541971265317821015209336481777127159800244898236730018445186005192882711142564975721360090743453120775309913382992852003553546547198485492361082711513033554155589759580125599205584619947229584911893168357092884480.000000
752015188424458062004238167885061271284060837345927108508639200979592946920073780744020771530844570259902885440362973812483101239653531971408014214186188793941969444330846052134216622359038320502396822338479788918339647572673428371537920.000000
3008060753697832248016952671540245085136243349383708434034556803918371787680295122976083086123378281039611541761451895249932404958614127885632056856744755175767877777323384208536866489436153282009587289353919155673358590290693713486151680.000000
12032243014791328992067810686160980340544973397534833736138227215673487150721180491904332344493513124158446167045807580999729619834456511542528227426979020703071511109293536834147465957744613128038349157415676622693434361162774853944606720.000000
48128972059165315968271242744643921362179893590139334944552908862693948602884721967617329377974052496633784668183230323998918479337826046170112909707916082812286044437174147336589863830978452512153396629662706490773737444651099415778426880.000000
192515888236661263873084970978575685448719574360557339778211635450775794411538887870469317511896209986535138672732921295995673917351304184680451638831664331249144177748696589346359455323913810048613586518650825963094949778604397663113707520.000000
770063552946645055492339883914302741794878297442229359112846541803103177646155551481877270047584839946140554690931685183982695669405216738721806555326657324996576710994786357385437821295655240194454346074603303852379799114417590652454830080.000000
3080254211786580221969359535657210967179513189768917436451386167212412710584622205927509080190339359784562218763726740735930782677620866954887226221306629299986306843979145429541751285182620960777817384298413215409519196457670362609819320320.000000
12321016847146320887877438142628843868718052759075669745805544668849650842338488823710036320761357439138248875054906962943723130710483467819548904885226517199945227375916581718167005140730483843111269537193652861638076785830681450439277281280.000000
49284067388585283551509752570515375474872211036302678983222178675398603369353955294840145283045429756552995500219627851774892522841933871278195619540906068799780909503666326872668020562921935372445078148774611446552307143322725801757109125120.000000
197136269554341134206039010282061501899488844145210715932888714701594413477415821179360581132181719026211982000878511407099570091367735485112782478163624275199123638014665307490672082251687741489780312595098445786209228573290903207028436500480.000000
788545078217364536824156041128246007597955376580842863731554858806377653909663284717442324528726876104847928003514045628398280365470941940451129912654497100796494552058661229962688329006750965959121250380393783144836914293163612828113746001920.000000
3154180312869458147296624164512984030391821506323371454926219435225510615638653138869769298114907504419391712014056182513593121461883767761804519650617988403185978208234644919850753316027003863836485001521575132579347657172654451312454984007680.000000
12616721251477832589186496658051936121567286025293485819704877740902042462554612555479077192459630017677566848056224730054372485847535071047218078602471953612743912832938579679403013264108015455345940006086300530317390628690617805249819936030720.000000
50466885005911330356745986632207744486269144101173943278819510963608169850218450221916308769838520070710267392224898920217489943390140284188872314409887814450975651331754318717612053056432061821383760024345202121269562514762471220999279744122880.000000
201867540023645321426983946528830977945076576404695773115278043854432679400873800887665235079354080282841069568899595680869959773560561136755489257639551257803902605327017274870448212225728247285535040097380808485078250059049884883997118976491520.000000
807470160094581285707935786115323911780306305618783092461112175417730717603495203550660940317416321131364278275598382723479839094242244547021957030558205031215610421308069099481792848902912989142140160389523233940313000236199539535988475905966080.000000
3229880640378325142831743144461295647121225222475132369844448701670922870413980814202643761269665284525457113102393530893919356376968978188087828122232820124862441685232276397927171395611651956568560641558092935761252000944798158143953903623864320.000000
12919522561513300571326972577845182588484900889900529479377794806683691481655923256810575045078661138101828452409574123575677425507875912752351312488931280499449766740929105591708685582446607826274242566232371743045008003779192632575815614495457280.000000
51678090246053202285307890311380730353939603559602117917511179226734765926623693027242300180314644552407313809638296494302709702031503651009405249955725121997799066963716422366834742329786431305096970264929486972180032015116770530303262457981829120.000000
206712360984212809141231561245522921415758414238408471670044716906939063706494772108969200721258578209629255238553185977210838808126014604037620999822900487991196267854865689467338969319145725220387881059717947888720128060467082121213049831927316480.000000
826849443936851236564926244982091685663033656953633886680178867627756254825979088435876802885034312838517020954212743908843355232504058416150483999291601951964785071419462757869355877276582900881551524238871791554880512241868328484852199327709265920.000000
3307397775747404946259704979928366742652134627814535546720715470511025019303916353743507211540137251354068083816850975635373420930016233664601935997166407807859140285677851031477423509106331603526206096955487166219522048967473313939408797310837063680.000000
13229591102989619785038819919713466970608538511258142186882861882044100077215665414974028846160549005416272335267403902541493683720064934658407743988665631231436561142711404125909694036425326414104824387821948664878088195869893255757635189243348254720.000000
52918364411958479140155279678853867882434154045032568747531447528176400308862661659896115384642196021665089341069615610165974734880259738633630975954662524925746244570845616503638776145701305656419297551287794659512352783479573023030540756973393018880.000000
211673457647833916560621118715415471529736616180130274990125790112705601235450646639584461538568784086660357364278462440663898939521038954534523903818650099702984978283382466014555104582805222625677190205151178638049411133918292092122163027893572075520.000000
846693830591335666242484474861661886118946464720521099960503160450822404941802586558337846154275136346641429457113849762655595758084155818138095615274600398811939913133529864058220418331220890502708760820604714552197644535673168368488652111574288302080.000000
3386775322365342664969937899446647544475785858882084399842012641803289619767210346233351384617100545386565717828455399050622383032336623272552382461098401595247759652534119456232881673324883562010835043282418858208790578142692673473954608446297153208320.000000
13547101289461370659879751597786590177903143435528337599368050567213158479068841384933405538468402181546262871313821596202489532129346493090209529844393606380991038610136477824931526693299534248043340173129675432835162312570770693895818433785188612833280.000000
54188405157845482639519006391146360711612573742113350397472202268852633916275365539733622153873608726185051485255286384809958128517385972360838119377574425523964154440545911299726106773198136992173360692518701731340649250283082775583273735140754451333120.000000
216753620631381930558076025564585442846450294968453401589888809075410535665101462158934488615494434904740205941021145539239832514069543889443352477510297702095856617762183645198904427092792547968693442770074806925362597001132331102333094940563017805332480.000000
867014482525527722232304102258341771385801179873813606359555236301642142660405848635737954461977739618960823764084582156959330056278175557773409910041190808383426471048734580795617708371170191874773771080299227701450388004529324409332379762252071221329920.000000
3468057930102110888929216409033367085543204719495254425438220945206568570641623394542951817847910958475843295056338328627837320225112702231093639640164763233533705884194938323182470833484680767499095084321196910805801552018117297637329519049008284885319680.000000
13872231720408443555716865636133468342172818877981017701752883780826274282566493578171807271391643833903373180225353314511349280900450808924374558560659052934134823536779753292729883333938723069996380337284787643223206208072469190549318076196033139541278720.000000
55488926881633774222867462544533873368691275511924070807011535123305097130265974312687229085566575335613492720901413258045397123601803235697498234242636211736539294147119013170919533335754892279985521349139150572892824832289876762197272304784132558165114880.000000
221955707526535096891469850178135493474765102047696283228046140493220388521063897250748916342266301342453970883605653032181588494407212942789992936970544846946157176588476052683678133343019569119942085396556602291571299329159507048789089219136530232660459520.000000
887822830106140387565879400712541973899060408190785132912184561972881554084255589002995665369065205369815883534422612128726353977628851771159971747882179387784628706353904210734712533372078276479768341586226409166285197316638028195156356876546120930641838080.000000
3551291320424561550263517602850167895596241632763140531648738247891526216337022356011982661476260821479263534137690448514905415910515407084639886991528717551138514825415616842938850133488313105919073366344905636665140789266552112780625427506184483722567352320.000000
14205165281698246201054070411400671582384966531052562126594952991566104865348089424047930645905043285917054136550761794059621663642061628338559547966114870204554059301662467371755400533953252423676293465379622546660563157066208451122501710024737934890269409280.000000
56820661126792984804216281645602686329539866124210248506379811966264419461392357696191722583620173143668216546203047176238486654568246513354238191864459480818216237206649869487021602135813009694705173861518490186642252628264833804490006840098951739561077637120.000000
227282644507171939216865126582410745318159464496840994025519247865057677845569430784766890334480692574672866184812188704953946618272986053416952767457837923272864948826599477948086408543252038778820695446073960746569010513059335217960027360395806958244310548480.000000
909130578028687756867460506329642981272637857987363976102076991460230711382277723139067561337922770298691464739248754819815786473091944213667811069831351693091459795306397911792345634173008155115282781784295842986276042052237340871840109441583227832977242193920.000000
3636522312114751027469842025318571925090551431949455904408307965840922845529110892556270245351691081194765858956995019279263145892367776854671244279325406772365839181225591647169382536692032620461131127137183371945104168208949363487360437766332911331908968775680.000000
14546089248459004109879368101274287700362205727797823617633231863363691382116443570225080981406764324779063435827980077117052583569471107418684977117301627089463356724902366588677530146768130481844524508548733487780416672835797453949441751065331645327635875102720.000000
58184356993836016439517472405097150801448822911191294470532927453454765528465774280900323925627057299116253743311920308468210334277884429674739908469206508357853426899609466354710120587072521927378098034194933951121666691343189815797767004261326581310543500410880.000000
232737427975344065758069889620388603205795291644765177882131709813819062113863097123601295702508229196465014973247681233872841337111537718698959633876826033431413707598437865418840482348290087709512392136779735804486666765372759263191068017045306325242174001643520.000000
930949711901376263032279558481554412823181166579060711528526839255276248455452388494405182810032916785860059892990724935491365348446150874795838535507304133725654830393751461675361929393160350838049568547118943217946667061491037052764272068181225300968696006574080.000000
3723798847605505052129118233926217651292724666316242846114107357021104993821809553977620731240131667143440239571962899741965461393784603499183354142029216534902619321575005846701447717572641403352198274188475772871786668245964148211057088272724901203874784026296320.000000
14895195390422020208516472935704870605170898665264971384456429428084419975287238215910482924960526668573760958287851598967861845575138413996733416568116866139610477286300023386805790870290565613408793096753903091487146672983856592844228353090899604815499136105185280.000000
59580781561688080834065891742819482420683594661059885537825717712337679901148952863641931699842106674295043833151406395871447382300553655986933666272467464558441909145200093547223163481162262453635172387015612365948586691935426371376913412363598419261996544420741120.000000
238323126246752323336263566971277929682734378644239542151302870849350719604595811454567726799368426697180175332605625583485789529202214623947734665089869858233767636580800374188892653924649049814540689548062449463794346767741705485507653649454393677047986177682964480.000000
953292504987009293345054267885111718730937514576958168605211483397402878418383245818270907197473706788720701330422502333943158116808858495790938660359479432935070546323201496755570615698596199258162758192249797855177387070966821942030614597817574708191944710731857920.000000
3813170019948037173380217071540446874923750058307832674420845933589611513673532983273083628789894827154882805321690009335772632467235433983163754641437917731740282185292805987022282462794384797032651032768999191420709548283867287768122458391270298832767778842927431680.000000
15252680079792148693520868286161787499695000233231330697683383734358446054694131933092334515159579308619531221286760037343090529868941735932655018565751670926961128741171223948089129851177539188130604131075996765682838193135469151072489833565081195331071115371709726720.000000
61010720319168594774083473144647149998780000932925322790733534937433784218776527732369338060638317234478124885147040149372362119475766943730620074263006683707844514964684895792356519404710156752522416524303987062731352772541876604289959334260324781324284461486838906880.000000
244042881276674379096333892578588599995120003731701291162934139749735136875106110929477352242553268937912499540588160597489448477903067774922480297052026734831378059858739583169426077618840627010089666097215948250925411090167506417159837337041299125297137845947355627520.000000
976171525106697516385335570314354399980480014926805164651736558998940547500424443717909408970213075751649998162352642389957793911612271099689921188208106939325512239434958332677704310475362508040358664388863793003701644360670025668639349348165196501188551383789422510080.000000
3904686100426790065541342281257417599921920059707220658606946235995762190001697774871637635880852303006599992649410569559831175646449084398759684752832427757302048957739833330710817241901450032161434657555455172014806577442680102674557397392660786004754205535157690040320.000000
15618744401707160262165369125029670399687680238828882634427784943983048760006791099486550543523409212026399970597642278239324702585796337595038739011329711029208195830959333322843268967605800128645738630221820688059226309770720410698229589570643144019016822140630760161280.000000
62474977606828641048661476500118681598750720955315530537711139775932195040027164397946202174093636848105599882390569112957298810343185350380154956045318844116832783323837333291373075870423200514582954520887282752236905239082881642792918358282572576076067288562523040645120.000000
249899910427314564194645906000474726395002883821262122150844559103728780160108657591784808696374547392422399529562276451829195241372741401520619824181275376467331133295349333165492303481692802058331818083549131008947620956331526571171673433130290304304269154250092162580480.000000
999599641709258256778583624001898905580011535285048488603378236414915120640434630367139234785498189569689598118249105807316780965490965606082479296725101505869324533181397332661969213926771208233327272334196524035790483825326106284686693732521161217217076617000368650321920.000000
3998398566837033027114334496007595622320046141140193954413512945659660482561738521468556939141992758278758392472996423229267123861963862424329917186900406023477298132725589330647876855707084832933309089336786096143161935301304425138746774930084644868868306468001474601287680.000000
15993594267348132108457337984030382489280184564560775817654051782638641930246954085874227756567971033115033569891985692917068495447855449697319668747601624093909192530902357322591507422828339331733236357347144384572647741205217700554987099720338579475473225872005898405150720.000000
63974377069392528433829351936121529957120738258243103270616207130554567720987816343496911026271884132460134279567942771668273981791421798789278674990406496375636770123609429290366029691313357326932945429388577538290590964820870802219948398881354317901892903488023593620602880.000000
255897508277570113735317407744486119828482953032972413082464828522218270883951265373987644105087536529840537118271771086673095927165687195157114699961625985502547080494437717161464118765253429307731781717554310153162363859283483208879793595525417271607571613952094374482411520.000000
1023590033110280454941269630977944479313931812131889652329859314088873083535805061495950576420350146119362148473087084346692383708662748780628458799846503942010188321977750868645856475061013717230927126870217240612649455437133932835519174382101669086430286455808377497929646080.000000
4094360132441121819765078523911777917255727248527558609319437256355492334143220245983802305681400584477448593892348337386769534834650995122513835199386015768040753287911003474583425900244054868923708507480868962450597821748535731342076697528406676345721145823233509991718584320.000000
16377440529764487279060314095647111669022908994110234437277749025421969336572880983935209222725602337909794375569393349547078139338603980490055340797544063072163013151644013898333703600976219475694834029923475849802391286994142925368306790113626705382884583292934039966874337280.000000
65509762119057949116241256382588446676091635976440937749110996101687877346291523935740836890902409351639177502277573398188312557354415921960221363190176252288652052606576055593334814403904877902779336119693903399209565147976571701473227160454506821531538333171736159867497349120.000000
262039048476231796464965025530353786704366543905763750996443984406751509385166095742963347563609637406556710009110293592753250229417663687840885452760705009154608210426304222373339257615619511611117344478775613596838260591906286805892908641818027286126153332686944639469989396480.000000
1048156193904927185859860102121415146817466175623055003985775937627006037540664382971853390254438549626226840036441174371013000917670654751363541811042820036618432841705216889493357030462478046444469377915102454387353042367625147223571634567272109144504613330747778557879957585920.000000
4192624775619708743439440408485660587269864702492220015943103750508024150162657531887413561017754198504907360145764697484052003670682619005454167244171280146473731366820867557973428121849912185777877511660409817549412169470500588894286538269088436578018453322991114231519830343680.000000
16770499102478834973757761633942642349079458809968880063772415002032096600650630127549654244071016794019629440583058789936208014682730476021816668976685120585894925467283470231893712487399648743111510046641639270197648677882002355577146153076353746312073813291964456926079321374720.000000
67081996409915339895031046535770569396317835239875520255089660008128386402602520510198616976284067176078517762332235159744832058730921904087266675906740482343579701869133880927574849949598594972446040186566557080790594711528009422308584612305414985248295253167857827704317285498880.000000
268327985639661359580124186143082277585271340959502081020358640032513545610410082040794467905136268704314071049328940638979328234923687616349066703626961929374318807476535523710299399798394379889784160746266228323162378846112037689234338449221659940993181012671431310817269141995520.000000
1073311942558645438320496744572329110341085363838008324081434560130054182441640328163177871620545074817256284197315762555917312939694750465396266814507847717497275229906142094841197599193577519559136642985064913292649515384448150756937353796886639763972724050685725243269076567982080.000000
4293247770234581753281986978289316441364341455352033296325738240520216729766561312652711486482180299269025136789263050223669251758779001861585067258031390869989100919624568379364790396774310078236546571940259653170598061537792603027749415187546559055890896202742900973076306271928320.000000
17172991080938327013127947913157265765457365821408133185302952962080866919066245250610845945928721197076100547157052200894677007035116007446340269032125563479956403678498273517459161587097240312946186287761038612682392246151170412110997660750186236223563584810971603892305225087713280.000000
68691964323753308052511791652629063061829463285632532741211811848323467676264981002443383783714884788304402188628208803578708028140464029785361076128502253919825614713993094069836646348388961251784745151044154450729568984604681648443990643000744944894254339243886415569220900350853120.000000
274767857295013232210047166610516252247317853142530130964847247393293870705059924009773535134859539153217608754512835214314832112561856119141444304514009015679302458855972376279346585393555845007138980604176617802918275938418726593775962572002979779577017356975545662276883601403412480.000000
1099071429180052928840188666442065008989271412570120523859388989573175482820239696039094140539438156612870435018051340857259328450247424476565777218056036062717209835423889505117386341574223380028555922416706471211673103753674906375103850288011919118308069427902182649107534405613649920.000000
4396285716720211715360754665768260035957085650280482095437555958292701931280958784156376562157752626451481740072205363429037313800989697906263108872224144250868839341695558020469545366296893520114223689666825884846692415014699625500415401152047676473232277711608730596430137622454599680.000000
17585142866880846861443018663073040143828342601121928381750223833170807725123835136625506248631010505805926960288821453716149255203958791625052435488896577003475357366782232081878181465187574080456894758667303539386769660058798502001661604608190705892929110846434922385720550489818398720.000000
70340571467523387445772074652292160575313370404487713527000895332683230900495340546502024994524042023223707841155285814864597020815835166500209741955586308013901429467128928327512725860750296321827579034669214157547078640235194008006646418432762823571716443385739689542882201959273594880.000000
281362285870093549783088298609168642301253481617950854108003581330732923601981362186008099978096168092894831364621143259458388083263340666000838967822345232055605717868515713310050903443001185287310316138676856630188314560940776032026585673731051294286865773542958758171528807837094379520.000000
1125449143480374199132353194436674569205013926471803416432014325322931694407925448744032399912384672371579325458484573037833552333053362664003355871289380928222422871474062853240203613772004741149241264554707426520753258243763104128106342694924205177147463094171835032686115231348377518080.000000
4501796573921496796529412777746698276820055705887213665728057301291726777631701794976129599649538689486317301833938292151334209332213450656013423485157523712889691485896251412960814455088018964596965058218829706083013032975052416512425370779696820708589852376687340130744460925393510072320.000000
18007186295685987186117651110986793107280222823548854662912229205166907110526807179904518398598154757945269207335753168605336837328853802624053693940630094851558765943585005651843257820352075858387860232875318824332052131900209666049701483118787282834359409506749360522977843701574040289280.000000
72028745182743948744470604443947172429120891294195418651648916820667628442107228719618073594392619031781076829343012674421347349315415210496214775762520379406235063774340022607373031281408303433551440931501275297328208527600838664198805932475149131337437638026997442091911374806296161157120.000000
288114980730975794977882417775788689716483565176781674606595667282670513768428914878472294377570476127124307317372050697685389397261660841984859103050081517624940255097360090429492125125633213734205763726005101189312834110403354656795223729900596525349750552107989768367645499225184644628480.000000
1152459922923903179911529671103154758865934260707126698426382669130682055073715659513889177510281904508497229269488202790741557589046643367939436412200326070499761020389440361717968500502532854936823054904020404757251336441613418627180894919602386101399002208431959073470581996900738578513920.000000
4609839691695612719646118684412619035463737042828506793705530676522728220294862638055556710041127618033988917077952811162966230356186573471757745648801304281999044081557761446871874002010131419747292219616081619029005345766453674508723579678409544405596008833727836293882327987602954314055680.000000
18439358766782450878584474737650476141854948171314027174822122706090912881179450552222226840164510472135955668311811244651864921424746293887030982595205217127996176326231045787487496008040525678989168878464326476116021383065814698034894318713638177622384035334911345175529311950411817256222720.000000
73757435067129803514337898950601904567419792685256108699288490824363651524717802208888907360658041888543822673247244978607459685698985175548123930380820868511984705304924183149949984032162102715956675513857305904464085532263258792139577274854552710489536141339645380702117247801647269024890880.000000
295029740268519214057351595802407618269679170741024434797153963297454606098871208835555629442632167554175290692988979914429838742795940702192495721523283474047938821219696732599799936128648410863826702055429223617856342129053035168558309099418210841958144565358581522808468991206589076099563520.000000
1180118961074076856229406383209630473078716682964097739188615853189818424395484835342222517770528670216701162771955919657719354971183762808769982886093133896191755284878786930399199744514593643455306808221716894471425368516212140674233236397672843367832578261434326091233875964826356304398254080.000000
4720475844296307424917625532838521892314866731856390956754463412759273697581939341368890071082114680866804651087823678630877419884735051235079931544372535584767021139515147721596798978058374573821227232886867577885701474064848562696932945590691373471330313045737304364935503859305425217593016320.000000
18881903377185229699670502131354087569259466927425563827017853651037094790327757365475560284328458723467218604351294714523509679538940204940319726177490142339068084558060590886387195912233498295284908931547470311542805896259394250787731782362765493885321252182949217459742015437221700870372065280.000000
75527613508740918798682008525416350277037867709702255308071414604148379161311029461902241137313834893868874417405178858094038718155760819761278904709960569356272338232242363545548783648933993181139635726189881246171223585037577003150927129451061975541285008731796869838968061748886803481488261120.000000
302110454034963675194728034101665401108151470838809021232285658416593516645244117847608964549255339575475497669620715432376154872623043279045115618839842277425089352928969454182195134595735972724558542904759524984684894340150308012603708517804247902165140034927187479355872246995547213925953044480.000000
1208441816139854700778912136406661604432605883355236084929142633666374066580976471390435858197021358301901990678482861729504619490492173116180462475359369109700357411715877816728780538382943890898234171619038099938739577360601232050414834071216991608660560139708749917423488987982188855703812177920.000000
4833767264559418803115648545626646417730423533420944339716570534665496266323905885561743432788085433207607962713931446918018477961968692464721849901437476438801429646863511266915122153531775563592936686476152399754958309442404928201659336284867966434642240558834999669693955951928755422815248711680.000000
19335069058237675212462594182506585670921694133683777358866282138661985065295623542246973731152341732830431850855725787672073911847874769858887399605749905755205718587454045067660488614127102254371746745904609599019833237769619712806637345139471865738568962235339998678775823807715021691260994846720.000000
77340276232950700849850376730026342683686776534735109435465128554647940261182494168987894924609366931321727403422903150688295647391499079435549598422999623020822874349816180270641954456508409017486986983618438396079332951078478851226549380557887462954275848941359994715103295230860086765043979386880.000000
309361104931802803399401506920105370734747106138940437741860514218591761044729976675951579698437467725286909613691612602753182589565996317742198393691998492083291497399264721082567817826033636069947947934473753584317331804313915404906197522231549851817103395765439978860413180923440347060175917547520.000000
1237444419727211213597606027680421482938988424555761750967442056874367044178919906703806318793749870901147638454766450411012730358263985270968793574767993968333165989597058884330271271304134544279791791737895014337269327217255661619624790088926199407268413583061759915441652723693761388240703670190080.000000
4949777678908844854390424110721685931755953698223047003869768227497468176715679626815225275174999483604590553819065801644050921433055941083875174299071975873332663958388235537321085085216538177119167166951580057349077308869022646478499160355704797629073654332247039661766610894775045552962814680760320.000000
19799110715635379417561696442886743727023814792892188015479072909989872706862718507260901100699997934418362215276263206576203685732223764335500697196287903493330655833552942149284340340866152708476668667806320229396309235476090585913996641422819190516294617328988158647066443579100182211851258723041280.000000
79196442862541517670246785771546974908095259171568752061916291639959490827450874029043604402799991737673448861105052826304814742928895057342002788785151613973322623334211768597137361363464610833906674671225280917585236941904362343655986565691276762065178469315952634588265774316400728847405034892165120.000000
316785771450166070680987143086187899632381036686275008247665166559837963309803496116174417611199966950693795444420211305219258971715580229368011155140606455893290493336847074388549445453858443335626698684901123670340947767617449374623946262765107048260713877263810538353063097265602915389620139568660480.000000
1267143085800664282723948572344751598529524146745100032990660666239351853239213984464697670444799867802775181777680845220877035886862320917472044620562425823573161973347388297554197781815433773342506794739604494681363791070469797498495785051060428193042855509055242153412252389062411661558480558274641920.000000
5068572343202657130895794289379006394118096586980400131962642664957407412956855937858790681779199471211100727110723380883508143547449283669888178482249703294292647893389553190216791127261735093370027178958417978725455164281879189993983140204241712772171422036220968613649009556249646646233922233098567680.000000
inf
inf
inf
inf
inf
inf
inf
inf
inf
inf
inf
inf
inf
inf
inf
inf
inf
inf
inf
inf
inf
inf
inf
inf
inf
inf
inf
inf
inf
inf
inf
inf
inf
inf
inf
inf
inf
inf
inf
inf
inf
inf
inf
inf
inf
inf
inf
inf
inf
inf
inf
inf
inf
inf
inf
inf
inf
inf
inf
inf
inf
inf
inf
inf
inf
inf
inf
inf
inf
inf
inf
inf
inf
inf
inf
inf
inf
inf
inf
inf
inf
inf
inf
inf
inf
inf
inf
inf
inf
inf
inf
inf
inf
inf
inf
inf
inf
inf
inf
inf
inf
inf
inf
inf
inf
inf
inf
inf
inf
inf
inf
inf
inf
inf
inf
inf
inf
inf
inf
inf
inf
inf
inf
inf
inf
inf
inf
inf
inf
inf
inf
inf
inf
inf
inf
inf
inf
inf
inf
inf
inf
inf
inf
inf
inf
inf
inf
inf
inf
inf
inf
inf
inf
inf
inf
inf
inf
inf
inf
inf
inf
inf
inf
inf
inf
inf
inf
inf
inf
inf
inf
inf
inf
inf
inf
inf
inf
inf
inf
inf
inf
inf
inf
inf
inf
inf
inf
inf
inf
inf
inf
inf
inf
inf
inf
inf
inf
inf
inf
inf
inf
inf
inf
inf
inf
inf
inf
inf
inf
inf
inf
inf
inf
inf
inf
inf
inf
inf
inf
inf
inf
inf
inf
inf
inf
inf
inf
inf
inf
inf
inf
inf
inf
inf
inf
inf
inf
inf
inf
inf
inf
inf
inf
inf
inf
inf
inf
inf
inf
inf
inf
inf
inf
inf
inf
inf
inf
inf
inf
inf
inf
inf
inf
inf
inf
inf
inf
inf
inf
inf
inf
inf
inf
inf
inf
inf
inf
inf
inf
inf
inf
inf
inf
inf
inf
inf
inf
inf
inf
inf
inf
inf
inf
inf
inf
inf
inf
inf
inf
inf
inf
inf
inf
inf
inf
inf
inf
inf
inf
inf
inf
inf
inf
inf
inf
inf
inf
inf
inf
inf
inf
inf
inf
inf
inf
inf
inf
inf
inf
inf
inf
inf
inf
inf
inf
inf
inf
inf
inf
inf
inf
inf
inf
inf
inf
inf
inf
inf
inf
inf
inf
inf
inf
inf
inf
inf
inf
inf
inf
inf
inf
inf
inf
inf
inf
inf
inf
inf
inf
inf
inf
inf
inf
inf
inf
inf
inf
inf
inf
inf
inf
inf
inf
inf
inf
inf
inf
inf
inf
inf
inf
inf
inf
inf
inf
inf
inf
inf
inf
inf
inf
inf
inf
inf
inf
inf
inf
inf
inf
inf
inf
inf
inf
inf
inf
inf
inf
inf
inf
inf
inf
inf
inf
inf
inf
inf
inf
inf
inf
inf
inf
inf
inf
inf
inf
inf
inf
inf
inf
inf
inf
inf
inf
inf
inf
inf
inf
inf
inf
inf
inf
inf
inf
inf
inf
inf
inf
inf
inf
inf
inf
inf
inf
inf
inf
inf
inf
inf
inf
inf
inf
inf
inf
inf
inf
inf
inf
inf
inf
inf
inf
inf
inf
inf
inf
inf
inf
inf
inf
